3:
[5] 0 1 2 {1 1}
4:
[9] 0 1 3 4 {1 2 1}
5:
[13] 0 1 3 5 6 {1 2 2 1}
6:
[17] 0 1 3 5 7 8 {1 2 2 2 1}
7:
[21] 0 1 2 5 8 9 10 {1 1 3 3 1 1}
[21] 0 1 3 5 7 9 10 {1 2 2 2 2 1}
8:
[27] 0 1 3 4 9 10 12 13  {1 2 1 5 1 2 1}
[27] 0 1 2 5 8 11 12 13  {1 1 3 3 3 1 1}
9:
[33] 0 1 2 5 8 11 14 15 16 {1 1 3 3 3 3 1 1}
10:
[41] 0 1 3 4 9 11 16 17 19 20 {1 2 1 5 2 5 1 2 1}
11:
[45] 0 1 3 4 6 11 13 18 19 21 22 {1 2 1 2 5 2 5 1 2 1}
[45] 0 1 2 3 7 11 15 19 20 21 22 {1 1 1 4 4 4 4 1 1 1}
[45] 0 1 2 3 7 11 15 17 20 21 22 {1 1 1 4 4 4 2 3 1 1}
[45] 0 1 2 5 7 11 15 17 20 21 22 {1 1 3 2 4 4 2 3 1 1}
[45] 0 1 2 5 8 11 14 17 20 21 22 {1 1 3 3 3 3 3 3 1 1}
[45] 0 1 3 4 9 11 13 18 19 21 22 {1 2 1 5 2 2 5 1 2 1}
12:
[55] 0 1 3 5 6 13 14 21 22 24 26 27 {1 2 2 1 7 1 7 1 2 2 1}
[55] 0 1 3 4 9 11 16 18 23 24 26 27 {1 2 1 5 2 5 2 5 1 2 1}
13：
[65] 0 1 3 4 9 11 16 21 23 28 29 31 32 {1 2 1 5 2 5 5 2 5 1 2 1}
14：
[73] 0 1 3 4 9 11 16 20 25 27 32 33 35 36 {1 2 1 5 2 5 4 5 2 5 1 2 1}
15：
[81] 0 1 3 4 5 8 14 20 26 32 35 36 37 39 40 {1 2 1 1 3 6 6 6 6 3 1 1 2 1}
16：
[93] 0 1 3 4 5 8 14 20 26 32 38 41 42 43 45 46 {1 2 1 1 3 6 6 6 6 6 3 1 1 2 1}
17：
[105] 0 1 3 4 5 8 14 20 26 32 38 44 47 48 49 51 52 {1 2 1 1 3 6 6 6 6 6 6 3 1 1 2 1}
18：
[117] 0 1 3 4 5 8 14 20 26 32 38 44 50 53 54 55 57 58 {1 2 1 1 3 6 6 6 6 6 6 6 3 1 1 2 1}
19：
[129] 0 1 3 4 5 8 14 20 26 32 38 44 50 56 59 60 61 63 64 {1 2 1 1 3 6 6 6 6 6 6 6 6 3 1 1 2 1}
20：
[141] 0 1 3 4 5 8 14 20 26 32 38 44 50 56 62 65 66 67 69 70 {1 2 1 1 3 6 6 6 6 6 6 6 6 6 3 1 1 2 1}
21：
[153] 0 1 3 4 5 8 14 20 26 32 38 44 50 56 62 68 71 72 73 75 76 {1 2 1 1 3 6 6 6 6 6 6 6 6 6 6 3 1 1 2 1}
22：
[165] 0 1 3 4 6 10 13 15 21 29 37 45 53 61 67 69 72 76 78 79 81 82 {1 2 1 2 4 3 2 6 8 8 8 8 8 6 2 3 4 2 1 2 1}
[165] 0 1 3 4 5 8 14 20 26 32 38 44 50 56 62 68 74 77 78 79 81 82 {1 2 1 1 3 6 6 6 6 6 6 6 6 6 6 6 3 1 1 2 1}
23：
[181] 0 1 3 4 6 10 13 15 21 29 37 45 53 61 69 75 77 80 84 86 87 89 90 {1 2 1 2 4 3 2 6 8 8 8 8 8 8 6 2 3 4 2 1 2 1}
24：
[197] 0 1 3 4 6 10 13 15 21 29 37 45 53 61 69 77 83 85 88 92 94 95 97 98 {1 2 1 2 4 3 2 6 8 8 8 8 8 8 8 6 2 3 4 2 1 2 1}
25：
[213] 0 1 3 4 6 10 13 15 21 29 37 45 53 61 69 77 85 91 93 96 100 102 103 105 106 {1 2 1 2 4 3 2 6 8 8 8 8 8 8 8 8 6 2 3 4 2 1 2 1}
26：
[229] 0 1 3 4 6 10 13 15 21 29 37 45 53 61 69 77 85 93 99 101 104 108 110 111 113 114 {1 2 1 2 4 3 2 6 8 8 8 8 8 8 8 8 8 6 2 3 4 2 1 2 1}
27:
[245] 0 1 3 4 5 8 11 15 16 25 34 43 52 61 70 79 88 97 106 107 111 114 117 118 119 121 122 {1 2 1 1 3 3 4 1 9 9 9 9 9 9 9 9 9 9 1 4 3 3 1 1 2 1}
[245] 0 1 3 4 6 10 13 15 21 29 37 45 53 61 69 77 85 93 101 107 109 112 116 118 119 121 122{1 2 1 2 4 3 2 6 8 8 8 8 8 8 8 8 8 8 6 2 3 4 2 1 2 1}
28:
[263] 0 1 3 4 5 8 11 15 16 25 34 43 52 61 70 79 88 97 106 115 116 120 123 126 127 128 130 131 {1 2 1 1 3 3 4 1 9 9 9 9 9 9 9 9 9 9 9 1 4 3 3 1 1 2 1}
下面没有验证是最优的，只是总结规律猜测的结果
29:
[281]0 1 3 4 5 8 11 15 16 25 34 43 52 61 70 79 88 97 106 115 124 125 129 132 135 136 137 139 140
30:
[299]0 1 3 4 5 8 11 15 16 25 34 43 52 61 70 79 88 97 106 115 124 133 134 138 141 144 145 146 148 149
31：
[317]0 1 3 4 5 8 11 15 16 25 34 43 52 61 70 79 88 97 106 115 124 133 142 143 147 150 153 154 155 157 158
[317]0 1 2 5 6 8 13 14 17 19 29 39 49 59 69 79 89 99 109 119 129 139 141 144 145 150 152 153 156 157 158
[317]0 1 3 4 6 8 12 17 19 25 29 39 49 59 69 79 89 99 109 119 129 133 139 141 146 150 152 154 155 157 158
[317]0 1 3 4 7 8 9 16 17 21 24 35 46 57 68 79 90 101 112 123 134 137 141 142 149 150 151 154 155 157 158
32：
[339]0 1 3 4 7 8 9 16 17 21 24 35 46 57 68 79 90 101 112 123 134 145 148 152 153 160 161 162 165 166 168 169
33：
[361]0 1 3 4 7 8 9 16 17 21 24 35 46 57 68 79 90 101 112 123 134 145 156 159 163 164 171 172 173 176 177 179 180
34：
[383]0 1 3 4 7 8 9 16 17 21 24 35 46 57 68 79 90 101 112 123 134 145 156 167 170 174 175 182 183 184 187 188 190 191
35：
[405]0 1 3 4 7 8 9 16 17 21 24 35 46 57 68 79 90 101 112 123 134 145 156 167 178 181 185 186 193 194 195 198 199 201 202
36：
[427]0 1 3 4 7 8 9 16 17 21 24 35 46 57 68 79 90 101 112 123 134 145 156 167 178 189 192 196 197 204 205 206 209 210 212 213
37：
[449]0 1 3 4 7 8 9 16 17 21 24 35 46 57 68 79 90 101 112 123 134 145 156 167 178 189 200 203 207 208 215 216 217 220 221 223 224
38：
[471]0 1 3 4 7 8 9 16 17 21 24 35 46 57 68 79 90 101 112 123 134 145 156 167 178 189 200 211 214 218 219 226 227 228 231 232 234 235
39：
[493]0 1 3 4 7 8 9 16 17 21 24 35 46 57 68 79 90 101 112 123 134 145 156 167 178 189 200 211 222 225 229 230 237 238 239 242 243 245 246
40：
[515]0 1 3 4 7 8 9 16 17 21 24 35 46 57 68 79 90 101 112 123 134 145 156 167 178 189 200 211 222 233 236 240 241 248 249 250 253 254 256 257
41：
[537]0 1 3 4 7 8 9 16 17 21 24 35 46 57 68 79 90 101 112 123 134 145 156 167 178 189 200 211 222 233 244 247 251 252 259 260 261 264 265 267 268
[537]0 1 2 5 7 10 11 19 21 22 25 29 30 43 56 69 82 95 108 121 134 147 160 173 186 199 212 225 238 239 243 246 247 249 257 258 261 263 266 267 268
42：
[563]0 1 2 5 7 10 11 19 21 22 25 29 30 43 56 69 82 95 108 121 134 147 160 173 186 199 212 225 238 251 252 256 259 260 262 270 271 274 276 279 280 281
43：
[589]0 1 2 5 7 10 11 19 21 22 25 29 30 43 56 69 82 95 108 121 134 147 160 173 186 199 212 225 238 251 264 265 269 272 273 275 283 284 287 289 292 293 294
44：
[615]0 1 2 5 7 10 11 19 21 22 25 29 30 43 56 69 82 95 108 121 134 147 160 173 186 199 212 225 238 251 264 277 278 282 285 286 288 296 297 300 302 305 306 307
[615]0 1 2 5 6 8 9 13 19 22 27 29 33 40 41 56 71 86 101 116 131 146 161 176 191 206 221 236 251 266 267 274 278 280 285 288 294 298 299 301 302 305 306 307
45：
[645]0 1 2 5 6 8 9 13 19 22 27 29 33 40 41 56 71 86 101 116 131 146 161 176 191 206 221 236 251 266 281 282 289 293 295 300 303 309 313 314 316 317 320 321 322
46：
[675]0 1 2 5 6 8 9 13 19 22 27 29 33 40 41 56 71 86 101 116 131 146 161 176 191 206 221 236 251 266 281 296 297 304 308 310 315 318 324 328 329 331 332 335 336 337
47：
[705]0 1 2 5 6 8 9 13 19 22 27 29 33 40 41 56 71 86 101 116 131 146 161 176 191 206 221 236 251 266 281 296 311 312 319 323 325 330 333 339 343 344 346 347 350 351 352
48：
[735]0 1 2 5 6 8 9 13 19 22 27 29 33 40 41 56 71 86 101 116 131 146 161 176 191 206 221 236 251 266 281 296 311 326 327 334 338 340 345 348 354 358 359 361 362 365 366 367
49：
[765]0 1 2 5 6 8 9 13 19 22 27 29 33 40 41 56 71 86 101 116 131 146 161 176 191 206 221 236 251 266 281 296 311 326 341 342 349 353 355 360 363 369 373 374 376 377 380 381 382
50：
[795]0 1 2 5 6 8 9 13 19 22 27 29 33 40 41 56 71 86 101 116 131 146 161 176 191 206 221 236 251 266 281 296 311 326 341 356 357 364 368 370 375 378 384 388 389 391 392 395 396 397
51：
[825]0 1 2 5 6 8 9 13 19 22 27 29 33 40 41 56 71 86 101 116 131 146 161 176 191 206 221 236 251 266 281 296 311 326 341 356 371 372 379 383 385 390 393 399 403 404 406 407 410 411 412
52：
[855]0 1 2 5 6 8 9 13 19 22 27 29 33 40 41 56 71 86 101 116 131 146 161 176 191 206 221 236 251 266 281 296 311 326 341 356 371 386 387 394 398 400 405 408 414 418 419 421 422 425 426 427
53：
[885]0 1 2 5 6 8 9 13 19 22 27 29 33 40 41 56 71 86 101 116 131 146 161 176 191 206 221 236 251 266 281 296 311 326 341 356 371 386 401 402 409 413 415 420 423 429 433 434 436 437 440 441 442
[885]0 1 2 3 7 8 9 12 15 22 26 30 36 37 43 45 61 77 93 109 125 141 157 173 189 205 221 237 253 269 285 301 317 333 349 365 381 397 399 405 406 412 416 420 427 430 433 434 435 439 440 441 442
54：
[917]0 1 2 3 7 8 9 12 15 22 26 30 36 37 43 45 61 77 93 109 125 141 157 173 189 205 221 237 253 269 285 301 317 333 349 365 381 397 413 415 421 422 428 432 436 443 446 449 450 451 455 456 457 458
55：
[949]0 1 2 3 7 8 9 12 15 22 26 30 36 37 43 45 61 77 93 109 125 141 157 173 189 205 221 237 253 269 285 301 317 333 349 365 381 397 413 429 431 437 438 444 448 452 459 462 465 466 467 471 472 473 474
56：
[981]0 1 2 3 7 8 9 12 15 22 26 30 36 37 43 45 61 77 93 109 125 141 157 173 189 205 221 237 253 269 285 301 317 333 349 365 381 397 413 429 445 447 453 454 460 464 468 475 478 481 482 483 487 488 489 490
57：
[1013]0 1 2 3 7 8 9 12 15 22 26 30 36 37 43 45 61 77 93 109 125 141 157 173 189 205 221 237 253 269 285 301 317 333 349 365 381 397 413 429 445 461 463 469 470 476 480 484 491 494 497 498 499 503 504 505 506
[1013]0 1 2 5 6 7 12 13 16 26 28 31 37 38 42 44 49 66 83 100 117 134 151 168 185 202 219 236 253 270 287 304 321 338 355 372 389 406 423 440 457 462 464 468 469 475 478 480 490 493 494 499 500 501 504 505 506
58:
[1047]0 1 2 5 6 7 12 13 16 26 28 31 37 38 42 44 49 66 83 100 117 134 151 168 185 202 219 236 253 270 287 304 321 338 355 372 389 406 423 440 457 474 479 481 485 486 492 495 497 507 510 511 516 517 518 521 522 523
59:
[1081]0 1 2 5 6 7 12 13 16 26 28 31 37 38 42 44 49 66 83 100 117 134 151 168 185 202 219 236 253 270 287 304 321 338 355 372 389 406 423 440 457 474 491 496 498 502 503 509 512 514 524 527 528 533 534 535 538 539 540
[1081]0 1 2 3 6 9 11 12 15 16 27 32 37 45 48 52 55 61 62 80 99 118 137 156 175 194 213 232 251 270 289 308 327 346 365 384 403 422 441 460 478 479 485 488 492 495 503 508 513 524 525 528 529 531 534 537 538 539 540
60:
[1119]0 1 2 3 6 9 11 12 15 16 27 32 37 45 48 52 55 61 62 80 99 118 137 156 175 194 213 232 251 270 289 308 327 346 365 384 403 422 441 460 479 497 498 504 507 511 514 522 527 532 543 544 547 548 550 553 556 557 558 559
61:
[1157]0 1 2 3 6 9 11 12 15 16 27 32 37 45 48 52 55 61 62 80 99 118 137 156 175 194 213 232 251 270 289 308 327 346 365 384 403 422 441 460 479 498 516 517 523 526 530 533 541 546 551 562 563 566 567 569 572 575 576 577 578
62:
[1195]0 1 2 3 6 9 11 12 15 16 27 32 37 45 48 52 55 61 62 80 99 118 137 156 175 194 213 232 251 270 289 308 327 346 365 384 403 422 441 460 479 498 517 535 536 542 545 549 552 560 565 570 581 582 585 586 588 591 594 595 596 597
63:
[1233]0 1 2 3 6 9 11 12 15 16 27 32 37 45 48 52 55 61 62 80 99 118 137 156 175 194 213 232 251 270 289 308 327 346 365 384 403 422 441 460 479 498 517 536 554 555 561 564 568 571 579 584 589 600 601 604 605 607 610 613 614 615 616
[1233]0 1 2 4 5 11 13 14 19 29 35 37 43 46 47 50 52 56 58 68 88 108 128 148 168 188 208 228 248 268 288 308 328 348 368 388 408 428 448 468 488 508 528 548 558 560 564 566 569 570 573 579 581 587 597 602 603 605 611 612 614 615 616
64:
[1273]0 1 2 4 5 11 13 14 19 29 35 37 43 46 47 50 52 56 58 68 88 108 128 148 168 188 208 228 248 268 288 308 328 348 368 388 408 428 448 468 488 508 528 548 568 578 580 584 586 589 590 593 599 601 607 617 622 623 625 631 632 634 635 636
65:
[1313]0 1 2 4 5 11 13 14 19 29 35 37 43 46 47 50 52 56 58 68 88 108 128 148 168 188 208 228 248 268 288 308 328 348 368 388 408 428 448 468 488 508 528 548 568 588 598 600 604 606 609 610 613 619 621 627 637 642 643 645 651 652 654 655 656
66:
[1353]0 1 2 4 5 11 13 14 19 29 35 37 43 46 47 50 52 56 58 68 88 108 128 148 168 188 208 228 248 268 288 308 328 348 368 388 408 428 448 468 488 508 528 548 568 588 608 618 620 624 626 629 630 633 639 641 647 657 662 663 665 671 672 674 675 676
67:
[1393]0 1 2 4 5 11 13 14 19 29 35 37 43 46 47 50 52 56 58 68 88 108 128 148 168 188 208 228 248 268 288 308 328 348 368 388 408 428 448 468 488 508 528 548 568 588 608 628 638 640 644 646 649 650 653 659 661 667 677 682 683 685 691 692 694 695 696
68:
[1433]0 1 2 4 5 11 13 14 19 29 35 37 43 46 47 50 52 56 58 68 88 108 128 148 168 188 208 228 248 268 288 308 328 348 368 388 408 428 448 468 488 508 528 548 568 588 608 628 648 658 660 664 666 669 670 673 679 681 687 697 702 703 705 711 712 714 715 716
[1433]0 1 3 5 7 8 12 14 18 26 32 33 42 43 50 60 63 68 79 81 83 97 105 127 149 171 193 215 237 259 281 303 325 347 369 391 413 435 457 479 501 523 545 567 589 611 619 633 635 637 648 653 656 666 673 674 683 684 690 698 702 704 708 709 711 713 715 716
69:
[1477]0 1 3 5 7 8 12 14 18 26 32 33 42 43 50 60 63 68 79 81 83 97 105 127 149 171 193 215 237 259 281 303 325 347 369 391 413 435 457 479 501 523 545 567 589 611 633 641 655 657 659 670 675 678 688 695 696 705 706 712 720 724 726 730 731 733 735 737 738
70:
[1521]0 1 3 5 7 8 12 14 18 26 32 33 42 43 50 60 63 68 79 81 83 97 105 127 149 171 193 215 237 259 281 303 325 347 369 391 413 435 457 479 501 523 545 567 589 611 633 655 663 677 679 681 692 697 700 710 717 718 727 728 734 742 746 748 752 753 755 757 759 760
71:
[1565]0 1 3 5 7 8 12 14 18 26 32 33 42 43 50 60 63 68 79 81 83 97 105 127 149 171 193 215 237 259 281 303 325 347 369 391 413 435 457 479 501 523 545 567 589 611 633 655 677 685 699 701 703 714 719 722 732 739 740 749 750 756 764 768 770 774 775 777 779 781 782
72:
[1609]0 1 3 5 7 8 12 14 18 26 32 33 42 43 50 60 63 68 79 81 83 97 105 127 149 171 193 215 237 259 281 303 325 347 369 391 413 435 457 479 501 523 545 567 589 611 633 655 677 699 707 721 723 725 736 741 744 754 761 762 771 772 778 786 790 792 796 797 799 801 803 804
73:
[1653]0 1 3 5 7 8 12 14 18 26 32 33 42 43 50 60 63 68 79 81 83 97 105 127 149 171 193 215 237 259 281 303 325 347 369 391 413 435 457 479 501 523 545 567 589 611 633 655 677 699 721 729 743 745 747 758 763 766 776 783 784 793 794 800 808 812 814 818 819 821 823 825 826
74:
[1697]0 1 3 5 7 8 12 14 18 26 32 33 42 43 50 60 63 68 79 81 83 97 105 127 149 171 193 215 237 259 281 303 325 347 369 391 413 435 457 479 501 523 545 567 589 611 633 655 677 699 721 743 751 765 767 769 780 785 788 798 805 806 815 816 822 830 834 836 840 841 843 845 847 848
75:
[1741]0 1 3 5 7 8 12 14 18 26 32 33 42 43 50 60 63 68 79 81 83 97 105 127 149 171 193 215 237 259 281 303 325 347 369 391 413 435 457 479 501 523 545 567 589 611 633 655 677 699 721 743 765 773 787 789 791 802 807 810 820 827 828 837 838 844 852 856 858 862 863 865 867 869 870
76:
[1785]0 1 3 5 7 8 12 14 18 26 32 33 42 43 50 60 63 68 79 81 83 97 105 127 149 171 193 215 237 259 281 303 325 347 369 391 413 435 457 479 501 523 545 567 589 611 633 655 677 699 721 743 765 787 795 809 811 813 824 829 832 842 849 850 859 860 866 874 878 880 884 885 887 889 891 892
77:
[1829]0 1 3 5 7 8 12 14 18 26 32 33 42 43 50 60 63 68 79 81 83 97 105 127 149 171 193 215 237 259 281 303 325 347 369 391 413 435 457 479 501 523 545 567 589 611 633 655 677 699 721 743 765 787 809 817 831 833 835 846 851 854 864 871 872 881 882 888 896 900 902 906 907 909 911 913 914
78:
[1873]0 1 3 5 7 8 12 14 18 26 32 33 42 43 50 60 63 68 79 81 83 97 105 127 149 171 193 215 237 259 281 303 325 347 369 391 413 435 457 479 501 523 545 567 589 611 633 655 677 699 721 743 765 787 809 831 839 853 855 857 868 873 876 886 893 894 903 904 910 918 922 924 928 929 931 933 935 936
79:
[1917]0 1 3 5 7 8 12 14 18 26 32 33 42 43 50 60 63 68 79 81 83 97 105 127 149 171 193 215 237 259 281 303 325 347 369 391 413 435 457 479 501 523 545 567 589 611 633 655 677 699 721 743 765 787 809 831 853 861 875 877 879 890 895 898 908 915 916 925 926 932 940 944 946 950 951 953 955 957 958
80:
[1961]0 1 3 5 7 8 12 14 18 26 32 33 42 43 50 60 63 68 79 81 83 97 105 127 149 171 193 215 237 259 281 303 325 347 369 391 413 435 457 479 501 523 545 567 589 611 633 655 677 699 721 743 765 787 809 831 853 875 883 897 899 901 912 917 920 930 937 938 947 948 954 962 966 968 972 973 975 977 979 980
81:
[2005]0 1 3 5 7 8 12 14 18 26 32 33 42 43 50 60 63 68 79 81 83 97 105 127 149 171 193 215 237 259 281 303 325 347 369 391 413 435 457 479 501 523 545 567 589 611 633 655 677 699 721 743 765 787 809 831 853 875 897 905 919 921 923 934 939 942 952 959 960 969 970 976 984 988 990 994 995 997 999 1001 1002
[2005]0 1 3 5 6 13 15 16 18 22 38 41 44 47 52 55 58 59 60 74 80 81 91 93 117 141 165 189 213 237 261 285 309 333 357 381 405 429 453 477 501 525 549 573 597 621 645 669 693 717 741 765 789 813 837 861 885 909 911 921 922 928 942 943 944 947 950 955 958 961 964 980 984 986 987 989 996 997 999 1001 1002
82:
[2053]0 1 3 5 6 13 15 16 18 22 38 41 44 47 52 55 58 59 60 74 80 81 91 93 117 141 165 189 213 237 261 285 309 333 357 381 405 429 453 477 501 525 549 573 597 621 645 669 693 717 741 765 789 813 837 861 885 909 933 935 945 946 952 966 967 968 971 974 979 982 985 988 1004 1008 1010 1011 1013 1020 1021 1023 1025 1026
83:
[2101]0 1 3 5 6 13 15 16 18 22 38 41 44 47 52 55 58 59 60 74 80 81 91 93 117 141 165 189 213 237 261 285 309 333 357 381 405 429 453 477 501 525 549 573 597 621 645 669 693 717 741 765 789 813 837 861 885 909 933 957 959 969 970 976 990 991 992 995 998 1003 1006 1009 1012 1028 1032 1034 1035 1037 1044 1045 1047 1049 1050
[2101]0 1 3 4 6 7 14 16 19 20 28 36 38 39 48 49 60 61 70 76 77 89 93 95 99 109 135 161 187 213 239 265 291 317 343 369 395 421 447 473 499 525 551 577 603 629 655 681 707 733 759 785 811 837 863 889 915 941 951 955 957 961 973 974 980 989 990 1001 1002 1011 1012 1014 1022 1030 1031 1034 1036 1043 1044 1046 1047 1049 1050
84:
[2153]0 1 3 4 6 7 14 16 19 20 28 36 38 39 48 49 60 61 70 76 77 89 93 95 99 109 135 161 187 213 239 265 291 317 343 369 395 421 447 473 499 525 551 577 603 629 655 681 707 733 759 785 811 837 863 889 915 941 967 977 981 983 987 999 1000 1006 1015 1016 1027 1028 1037 1038 1040 1048 1056 1057 1060 1062 1069 1070 1072 1073 1075 1076
85:
[2205]0 1 3 4 6 7 14 16 19 20 28 36 38 39 48 49 60 61 70 76 77 89 93 95 99 109 135 161 187 213 239 265 291 317 343 369 395 421 447 473 499 525 551 577 603 629 655 681 707 733 759 785 811 837 863 889 915 941 967 993 1003 1007 1009 1013 1025 1026 1032 1041 1042 1053 1054 1063 1064 1066 1074 1082 1083 1086 1088 1095 1096 1098 1099 1101 1102
86:
[2257]0 1 3 4 6 7 14 16 19 20 28 36 38 39 48 49 60 61 70 76 77 89 93 95 99 109 135 161 187 213 239 265 291 317 343 369 395 421 447 473 499 525 551 577 603 629 655 681 707 733 759 785 811 837 863 889 915 941 967 993 1019 1029 1033 1035 1039 1051 1052 1058 1067 1068 1079 1080 1089 1090 1092 1100 1108 1109 1112 1114 1121 1122 1124 1125 1127 1128
有少量几个最优解非对称（n=11)，它们还有对称的最优解就没有列出来了
比较奇怪和 http://oeis.org/A123509 相比，只有n=11对应的结果比它差，不知道其对应解是什么形式的
点评